NL2_MSEMoins : 1.852793015289741e-05
NL2_MSEPlus : 1.192453126332008e-05
NL2_OmegaSansGamma : 3.037233279572861e-05
SNH1_MSEMoins : 0.001372432670613121
SNH1_MSEPlus : 0.000793489951404548
SNH1_OmegaSansGamma : 0.001784119727969482
hMax : 0.2165063509464034
NL2_MSEMoins : 3.321671765140512e-06
NL2_MSEPlus : 1.698619353999272e-06
NL2_OmegaSansGamma : 4.516068765553547e-06
SNH1_MSEMoins : 0.0005149709668060619
SNH1_MSEPlus : 0.0003539034846236883
SNH1_OmegaSansGamma : 0.0004949864805194284
hMax : 0.1082531754732236
NL2_MSEMoins : 1.896727729822973e-07
NL2_MSEPlus : 8.746394006460679e-08
NL2_OmegaSansGamma : 3.779078010241928e-07
SNH1_MSEMoins : 7.50053888836483e-05
SNH1_MSEPlus : 4.00971901244917e-05
SNH1_OmegaSansGamma : 9.25379118047231e-05
hMax : 0.0455802844097828
NL2_MSEMoins : 8.184796493442457e-08
NL2_MSEPlus : 3.355028088262956e-08
NL2_OmegaSansGamma : 2.132958533675924e-07
SNH1_MSEMoins : 3.429114168795136e-05
SNH1_MSEPlus : 2.069084978240489e-05
SNH1_OmegaSansGamma : 5.834581762365807e-05
hMax : 0.03608439182441284
