NL2_MSEMoins : 0.0001774457455394665
NL2_MSEPlus : 5.698986097580469e-05
NL2_OmegaSansGamma : 0.0001786299299843052
SNH1_MSEMoins : 0.005551010113687727
SNH1_MSEPlus : 0.01546473096603256
SNH1_OmegaSansGamma : 0.002246288351563389
hMax : 0.2165063509464034
NL2_MSEMoins : 4.977177940746161e-05
NL2_MSEPlus : 1.154522314821346e-05
NL2_OmegaSansGamma : 7.279273275905455e-05
SNH1_MSEMoins : 0.00208910758502073
SNH1_MSEPlus : 0.007447699970004096
SNH1_OmegaSansGamma : 0.0008702992712568534
hMax : 0.1082531754732236
NL2_MSEMoins : 7.113931744475926e-06
NL2_MSEPlus : 1.089496493980412e-06
NL2_OmegaSansGamma : 1.742301125079837e-05
SNH1_MSEMoins : 0.0005757430317592344
SNH1_MSEPlus : 0.001907718898490993
SNH1_OmegaSansGamma : 0.0002023040213896178
hMax : 0.0455802844097828
NL2_MSEMoins : 3.838891524748157e-06
NL2_MSEPlus : 5.711857419703918e-07
NL2_OmegaSansGamma : 1.103658779239032e-05
SNH1_MSEMoins : 0.000394735092493197
SNH1_MSEPlus : 0.001081234399431211
SNH1_OmegaSansGamma : 0.0001475400371657549
hMax : 0.03608439182441284
