NL2_MSEMoins : 8.779460897857301e-06
NL2_MSEPlus : 4.307872889687863e-06
NL2_OmegaSansGamma : 3.738289648610534e-05
SNH1_MSEMoins : 0.0003661317305670777
SNH1_MSEPlus : 0.0002843752572718576
SNH1_OmegaSansGamma : 0.002303820452321942
hMax : 0.2165063509464034
NL2_MSEMoins : 2.05747660937325e-06
NL2_MSEPlus : 3.224158974321471e-07
NL2_OmegaSansGamma : 4.892364745490237e-06
SNH1_MSEMoins : 0.0001673089749110201
SNH1_MSEPlus : 4.33503603792276e-05
SNH1_OmegaSansGamma : 0.0005882066060782239
hMax : 0.1082531754732236
NL2_MSEMoins : 1.819971701558209e-07
NL2_MSEPlus : 2.613553142335076e-08
NL2_OmegaSansGamma : 6.078957059040668e-07
SNH1_MSEMoins : 3.352254983282574e-05
SNH1_MSEPlus : 8.121669930924878e-06
SNH1_OmegaSansGamma : 0.0001484664998139412
hMax : 0.05412658773661497
NL2_MSEMoins : 3.876521591623092e-08
NL2_MSEPlus : 7.239753132947018e-09
NL2_OmegaSansGamma : 1.773255514019988e-07
SNH1_MSEMoins : 1.257784783530502e-05
SNH1_MSEPlus : 3.125789679752655e-06
SNH1_OmegaSansGamma : 6.625974711621482e-05
hMax : 0.03608439182441284
